-1 0.039043 0.883643 0.932239 0.764968 0.951301
-1 0.101557 0.991975 0.887127 0.778613 0.465977
1 0.088432 0.872275 0.905436 0.848232 0.153436
-1 0.049611 0.947171 0.93356 0.203008 0.866911
-1 0.005562 0.898355 0.891091 0.31384 0.46531
1 0.110901 0.949846 0.911099 0.204957 0.177118
1 0.024138 0.977799 0.945451 0.122529 0.803869
1 0.095551 0.907182 0.979804 0.099694 0.419947
1 0.003671 0.89782 0.900717 0.015316 0.290861
-1 0.105228 0.922696 0.716686 0.721526 0.863909
-1 0.043493 0.909456 0.733862 0.906711 0.460307
1 0.041935 0.932861 0.771612 0.705931 0.298199
-1 0.042047 0.887522 0.834466 0.245057 0.971981
-1 0.005339 0.994115 0.784069 0.342245 0.446298
1 0.029255 0.924702 0.758399 0.333612 0.139093
1 0.022024 0.871874 0.801435 0.132832 0.928619
1 0.075417 0.918951 0.767271 0.119465 0.486991
1 0.058398 0.987829 0.840883 0.081036 0.162775
-1 0.07475 0.925371 0.521329 0.911724 0.848566
-1 0.043715 0.933396 0.612495 0.869396 0.410941
1 0.080645 0.959208 0.518309 0.934002 0.123416
-1 0.102892 0.881503 0.639298 0.334169 0.775183
-1 0.034816 0.87495 0.637222 0.423837 0.40527
1 0.035484 0.927377 0.559834 0.203286 0.297198
1 0.078865 0.922028 0.567573 0.02729 0.781855
1 0.005895 0.913067 0.645149 0.069618 0.420947
1 0.026919 0.879765 0.520008 0.035088 0.069046
-1 0.085762 0.82921 0.979615 0.737956 0.92962
-1 0.019911 0.815701 0.925632 0.860485 0.465644
1 0.059177 0.758459 0.910532 0.88499 0.318879
-1 0.023804 0.803263 0.949226 0.43971 0.88459
-1 0.104561 0.741875 0.917705 0.198273 0.416611
1 0.056618 0.825866 0.914307 0.204957 0.124416
1  0.088543 0.799251 0.955832 0.036202 0.912275
1 0.074861 0.832419 0.908645 0.129769 0.443629
1 0.06941 0.746422 0.960362 0.130326 0.155771
-1 0.052392 0.775445 0.762741 0.994431 0.993329
-1 0.070078 0.815167 0.749717 0.860763 0.426284
1 0.056952 0.794303 0.749339 0.989418 0.102068
-1 0.06307 0.7717 0.823896 0.392648 0.978986
-1 0.057731 0.808881 0.765949 0.25174 0.488326
1 0.016018 0.832152 0.747829 0.253411 0.331554
1 0.093771 0.774508 0.738958 0.12587 0.849566
1 0.027809 0.76635 0.802756 0.100529 0.40994
1 0.090545 0.745352 0.719894 0.066555 0.204136
-1 0.047164 0.841915 0.514156 0.703147 1
-1 0.096329 0.818644 0.600227 0.806739 0.427952
1 0.101224 0.824261 0.491506 0.973545 0.107738
-1 0.069077 0.804467 0.664779 0.421053 0.836891
-1 0.108454 0.812358 0.483767 0.321637 0.486991
1 0.066963 0.834559 0.609664 0.408243 0.039693
1 0.01168 0.804333 0.63439 0.005291 0.820881
1 0.071969 0.833757 0.615704 0.110276 0.475984
1 0.049166 0.839909 0.48943 0.133946 0.042695
-1 0.076085 0.677411 0.887316 0.696463 0.987658
-1 0.073304 0.623512 0.92601 0.944584 0.465644
1 0.010456 0.64237 0.922612 0.926204 0.123082
-1 0.007453 0.61094 0.929219 0.374826 0.853903
-1 0.069077 0.689581 0.952624 0.41604 0.433956
1 0.04505 0.660024 0.984145 0.336675 0.131755
1 0.075751 0.623245 0.892223 0.060707 0.901601
1 0.085651 0.659757 0.888448 0.130326 0.4006
1 0.106563 0.642236 0.960551 0.006405 0.13509
-1 0.081758 0.623111 0.704228 0.852966 0.788526
-1 0.073971 0.693594 0.756134 0.8577 0.478986
1 0.082425 0.629664 0.705549 0.995544 0.302535
-1 0.057842 0.625385 0.824273 0.441103 0.907272
-1 0.068966 0.621506 0.805021 0.352548 0.486658
-1 0.101891 0.627792 0.844281 0.207463 0.348232
1 0.10812 0.649191 0.730842 0.086048 0.868579
1 0.058065 0.621105 0.723669 0.115288 0.439293
1 0.04416 0.69239 0.791997 0.089669 0.08072
-1 0.051947 0.638491 0.554549 0.895851 0.972982
-1 0.020912 0.62271 0.671952 0.705375 0.496331
1 0.06941 0.664973 0.574368 0.999165 0.153102
-1 0.039488 0.606259 0.510193 0.244779 0.790527
-1 0.059177 0.695332 0.66006 0.397382 0.441628
1 0.027141 0.644644 0.65704 0.356447 0.29553
1 0.022247 0.606527 0.570781 0.061264 0.991661
1 0.093215 0.616959 0.637033 0.003063 0.461641
1 0.100779 0.670857 0.650434 0.136452 0.26551
-1 0.618687 0.918818 0.969045 0.841827 0.873582
-1 0.532036 0.991842 0.897131 0.903926 0.40527
1 0.53782 0.89354 0.970555 0.751601 0.351234
-1 0.54683 0.978869 0.902039 0.401559 0.988326
-1 0.509566 0.933797 0.996225 0.417989 0.491661
-1 0.587764 0.957871 0.9094 0.301587 0.253502
1 0.59644 0.87495 0.938656 0.000557 0.803202
1 0.629032 1 0.960551 0.037316 0.453636
1 0.601669 0.933797 0.954511 0.005848 0.168112
-1 0.5198 0.937943 0.811627 0.796436 0.796197
-1 0.569077 0.90638 0.717629 0.87051 0.407939
1 0.632703 0.954928 0.707248 0.881927 0.342228
-1 0.535818 0.880166 0.724236 0.442495 0.916278
-1 0.619577 0.884981 0.753492 0.390977 0.436624
1 0.540823 0.890464 0.805021 0.363965 0.152769
1 0.612125 0.930587 0.793507 0.09663 0.960307
1 0.580756 0.924836 0.746131 0.117794 0.410941
1 0.510567 0.915742 0.777652 0.126427 0.256504
-1 0.550389 0.99251 0.47735 0.984962 0.993662
-1 0.507008 0.929517 0.596263 0.713729 0.438292
1 0.523137 0.87709 0.507173 0.83208 0.154436
-1 0.568298 0.887923 0.640053 0.40323 0.979653
-1 0.514127 0.958138 0.593243 0.280702 0.482655
1 0.583648 0.97071 0.511325 0.249234 0.106404
1 0.502781 0.959877 0.578143 0.071846 0.982655
1 0.595551 0.872944 0.56342 0.123085 0.482322
1 0.629143 0.923632 0.645338 0.027012 0.344563
-1 0.654505 0.817306 0.985844 0.975494 0.948299
-1 0.559288 0.796977 0.909589 0.721526 0.4006
1 0.653059 0.834158 0.96527 0.742133 0.212809
-1 0.515239 0.809282 0.992639 0.227235 0.999333
-1 0.530478 0.736392 0.977161 0.392091 0.42028
1 0.556396 0.813428 0.89581 0.349206 0.239159
1 0.558287 0.814765 0.961306 0.103871 0.863576
1 0.516796 0.840444 0.919026 0.108326 0.47932
1 0.566741 0.79029 0.925632 0.024506 0.342562
-1 0.608676 0.823592 0.985844 0.855194 0.928619
-1 0.646162 0.819714 0.807286 0.787246 0.471314
1 0.552948 0.782667 0.823896 0.724589 0.302201
-1 0.598554 0.806874 0.805587 0.359788 0.997999
-1 0.666073 0.798716 0.813703 0.277639 0.483656
1 0.546162 0.794436 0.743677 0.379003 0.255837
1 0.537152 0.754982 0.751038 0.016151 0.88926
1 0.525473 0.811957 0.80521 0.109162 0.483322
1 0.508565 0.816103 0.740279 0.003063 0.348899
1 0.53426 0.794971 0.61929 0.810081 0.801868
1 0.660734 0.760064 0.576255 0.774993 0.440294
1 0.6198 0.781998 0.499245 0.817878 0.232488
1 0.569967 0.784138 0.577199 0.318296 0.881921
1 0.561958 0.822924 0.473197 0.227513 0.488993
1 0.594994 0.81744 0.50151 0.410471 0.104736
1 0.647608 0.795105 0.483012 0.020607 0.885924
1 0.569855 0.82279 0.599094 0.089112 0.433622
1 0.584761 0.788953 0.549453 0.13868 0.124083
1 0.584761 0.700013 1 0.767474 0.879253
1 0.598888 0.615755 0.952246 0.797549 0.427618
1 0.575862 0.652936 0.955455 0.818713 0.113409
1 0.582759 0.62378 0.924122 0.426622 0.86958
1 0.626363 0.660425 0.933749 0.323587 0.499333
1 0.55139 0.702153 0.940355 0.346979 0.088392
1 0.643715 0.703758 0.896376 0.107769 0.955304
1 0.561624 0.689983 0.984522 0.064327 0.43529
1 0.647831 0.693861 0.945451 0.107491 0.0497
1 0.61802 0.632473 0.719894 0.881092 0.946965
1 0.623915 0.608667 0.762552 0.780006 0.430287
1 0.652725 0.602381 0.781427 0.875801 0.207805
1 0.633704 0.669787 0.746131 0.430521 0.96531
1 0.54416 0.605189 0.804455 0.312169 0.422949
1 0.559622 0.656279 0.741789 0.43609 0.09473
1 0.541602 0.657617 0.838241 0.060986 0.777852
1 0.657175 0.614284 0.719328 0.10944 0.462308
1 0.66574 0.632072 0.779917 0.090783 0.069046
1 0.502558 0.697071 0.52265 0.83208 0.835223
1 0.504116 0.652668 0.639864 0.904483 0.445964
1 0.614349 0.681824 0.484711 0.908382 0.211474
1 0.602892 0.608265 0.62986 0.378446 0.785857
1 0.548387 0.682092 0.552284 0.22807 0.455637
1 0.657953 0.704026 0.598339 0.209691 0.108739
1 0.608788 0.635148 0.551906 0.031468 0.79553
1 0.599333 0.678213 0.514911 0.022556 0.480654
1 0.599444 0.639026 0.627784 0.137566 0.33489
1 0.895773 0.898489 0.977539 0.954887 0.887925
1 0.928699 0.949177 0.981502 0.968532 0.488659
1 0.888877 0.998395 0.964137 0.895015 0.229486
1 0.928699 0.971379 0.967157 0.248956 0.878919
1 0.924583 0.981945 0.933749 0.349485 0.413276
1 0.954283 0.965494 0.966402 0.357561 0.06471
1 0.976641 0.929517 0.998679 0.035366 0.941294
1 0.912236 0.891668 0.959985 0.13868 0.4503
1 0.976196 0.892871 0.967724 0.033417 0.22048
1 0.997998 0.910526 0.824085 0.863826 0.837558
1 0.927586 0.938879 0.736504 0.825954 0.466978
1 0.991546 0.927645 0.766704 0.769981 0.142428
1 0.840823 0.871339 0.835598 0.372877 0.844563
1 0.857842 0.886051 0.707059 0.273183 0.49066
1 0.850389 0.996255 0.704606 0.250905 0.078052
1 0.91891 0.979805 0.751416 0.005013 0.998999
1 0.888988 0.891668 0.833145 0.095795 0.495664
1 0.888432 0.906647 0.735938 0.027012 0.11441
1 0.971746 0.980206 0.579841 0.77193 0.891928
1 0.88743 0.923632 0.574368 0.994709 0.412275
1 0.89366 0.972315 0.619668 0.973823 0.053369
1 0.843382 0.994249 0.645527 0.248399 0.782855
1 0.96218 0.97713 0.501888 0.432749 0.421948
1 0.932703 0.960011 0.473575 0.296853 0.241828
1 0.98465 0.893406 0.503586 0.082707 0.893929
1 0.844828 0.966698 0.500944 0.013645 0.492328
1 0.914905 0.920958 0.620423 0.093289 0.168779
1 0.950723 0.814899 0.951114 1 0.923949
1 0.893437 0.773439 0.89581 0.726539 0.482655
1 0.90634 0.808479 0.981691 0.783347 0.338225
1 0.96396 0.798449 0.942997 0.351156 0.938959
1 0.968632 0.772502 0.975085 0.33389 0.444963
1 0.959844 0.769025 0.944319 0.346143 0.260173
1 0.853393 0.792698 0.959041 0.133389 0.906604
1 0.917353 0.774776 0.897131 0.117516 0.473983
1 0.975751 0.829878 0.88826 0.028126 0.351234
1 0.869522 0.788284 0.746886 0.7335 0.864243
1 0.950723 0.834693 0.774821 0.96352 0.418946
1 0.939822 0.755651 0.819555 0.89056 0.12475
1 0.938042 0.807409 0.711589 0.317739 0.916611
1 0.959844 0.751371 0.775764 0.242551 0.456638
1 0.91891 0.82386 0.776897 0.225285 0.082388
1 0.921913 0.791628 0.842393 0.122529 0.836224
1 0.924805 0.810887 0.816535 0.047898 0.495664
1 0.976641 0.784807 0.730842 0.016151 0.266511
1 0.969633 0.809148 0.590223 0.977722 0.83489
1 0.888877 0.799652 0.489052 0.813979 0.496998
1 0.895106 0.829343 0.491506 0.83208 0.036358
1 0.92069 0.821452 0.629672 0.304651 0.857238
1 0.988765 0.750568 0.642318 0.238931 0.478986
1 0.955729 0.833356 0.495659 0.35032 0.259506
1 0.963181 0.82707 0.484522 0.068783 0.873249
1 0.888877 0.813428 0.554926 0.0401 0.480987
1 0.913571 0.810084 0.506984 0.038986 0.132088
1 0.932814 0.674602 0.955266 0.914508 0.82455
1 0.886207 0.675003 0.930162 0.730716 0.424283
1 0.949277 0.648923 0.99396 0.760512 0.047365
1 0.991769 0.612144 0.925821 0.270398 0.802535
1 0.898443 0.64665 0.937901 0.361459 0.402268
1 0.923915 0.653872 0.957154 0.362295 0.194463
1 0.916463 0.639561 0.977161 0.08215 0.911941
1 0.984983 0.664438 0.933937 0.014481 0.493996
1 0.866073 0.614284 0.92299 0.120022 0.222815
1 0.942269 0.708038 0.771046 0.912281 0.949633
1 0.908899 0.694262 0.773311 0.948761 0.441961
1 1 0.648522 0.718384 0.993038 0.066378
1 0.938598 0.638224 0.809551 0.326371 0.775517
1 0.84772 0.664571 0.705361 0.307435 0.43996
1 0.947608 0.66203 0.814458 0.335283 0.259506
1 0.970078 0.606125 0.804643 0.087441 0.800867
1 0.875528 0.614551 0.784258 0.084378 0.432288
1 0.961068 0.696402 0.718762 0.035366 0.179453
1 0.924805 0.648388 0.546621 0.879421 0.884256
1 0.895328 0.642504 0.593431 0.935951 0.493329
1 0.980089 0.630601 0.599471 0.932052 0.250834
1 0.949166 0.647987 0.574368 0.444444 0.958639
1 0.8703 0.704293 0.507928 0.250905 0.485657
1 0.932147 0.680888 0.553794 0.283208 0.341895
1 0.962069 0.607597 0.630427 0.04567 0.844563
1 0.938598 0.658285 0.659117 0.044277 0.403269
1 0.89277 0.664571 0.545866 0.035923 0.303536