1 0.075417 0.918951 0.767271 0.119465 0.486991
1 0.058398 0.987829 0.840883 0.081036 0.162775
-1 0.07475 0.925371 0.521329 0.911724 0.848566
-1 0.043715 0.933396 0.612495 0.869396 0.410941
1 0.080645 0.959208 0.518309 0.934002 0.123416
-1 0.102892 0.881503 0.639298 0.334169 0.775183
-1 0.559288 0.796977 0.909589 0.721526 0.4006
1 0.653059 0.834158 0.96527 0.742133 0.212809
-1 0.515239 0.809282 0.992639 0.227235 0.999333
-1 0.530478 0.736392 0.977161 0.392091 0.42028
1 0.556396 0.813428 0.89581 0.349206 0.239159
1 0.558287 0.814765 0.961306 0.103871 0.863576
1 0.516796 0.840444 0.919026 0.108326 0.47932
1 0.566741 0.79029 0.925632 0.024506 0.342562
-1 0.608676 0.823592 0.985844 0.855194 0.928619
-1 0.646162 0.819714 0.807286 0.787246 0.471314
1 0.843382 0.994249 0.645527 0.248399 0.782855
1 0.96218 0.97713 0.501888 0.432749 0.421948
1 0.932703 0.960011 0.473575 0.296853 0.241828
1 0.98465 0.893406 0.503586 0.082707 0.893929
1 0.844828 0.966698 0.500944 0.013645 0.492328
1 0.914905 0.920958 0.620423 0.093289 0.168779
